9482
541
1123
5533
8077
7633
4527
385
7715
8927
5337
2479
5388
2256
7301
7627
6320
910
8708
6027
4758
6338
7316
9932
9712
6535
3446
8585
6411
8893
7156
2244
9433
4630
4128
3861
8615
8655
598
6329
3933
2286
5159
9320
4542
2459
3299
7213
9720
8358
3239
4478
1047
6906
761
759
9793
4206
5695
6203
3098
2851
4798
8882
3832
8925
9095
2446
3931
9692
8774
7863
1977
3933
3535
2870
2743
3185
82
2463
1542
9672
3292
2589
2930
4052
3347
2722
8257
5393
5276
7707
8243
73
2940
2075
5349
2034
872
9280
8077
9646
7142
6406
9930
7028
9275
9024
212
5709
7838
1754
5380
7481
4342
4661
1532
4040
7382
6141
9432
9009
199
4027
5433
3138
2453
782
1524
3324
6413
9600
2969
9906
6005
9250
6934
5280
4626
7145
988
2463
8898
2719
9944
9591
7380
7827
9982
1113
3967
5766
6474
517
9792
1906
3655
2244
9039
1530
1919
1803
1129
4888
1709
3486
489
4994
8765
5114
2138
6104
3929
7388
5174
224
3330
2553
8050
3312
18
8369
5429
6491
8885
1572
4748
8891
167
3787
420
2085
1941
7901
3324
3649
1386
3813
4994
6502
5278
7132
2605
5558
871
4130
5781
4200
6683
183
3863
3052
8551
5643
9542
3787
7214
641
9030
7380
779
5801
9465
2720
3701
2788
2720
1438
2952
7714
7939
8230
1197
6895
139
2067
1025
5920
2618
4059
2454
6481
7110
1004
8475
3003
1142
5689
3643
6523
3068
4422
2324
8884
3493
2376
1672
6212
3814
4623
3925
1752
9204
5121
8647
9343
3539
9671
1614
6157
81
4067
8989
3542
1422
7463
6544
2563
3151
6538
9086
2571
7311
7761
1454
803
136
9477
3367
3949
4100
3643
5701
3303
5116
699
8997
8654
6721
610
1162
6801
4676
150
342
6097
3965
3237
5012
3467
9774
449
6037
3437
8209
3843
591
8344
3319
3957
2293
7418
7600
4345
7073
9067
5043
6069
4072
1763
3031
5234
4915
7706
1735
1608
155
5699
4844
5166
9166
969
5614
1554
4405
3822
5396
4996
8517
8715
8952
7161
2484
2903
1505
5908
8321
2899
8329
2393
1013
1359
7626
5927
5416
9360
7534
5570
1411
8729
7087
576
9698
2700
2129
4102
2873
3877
5449
7742
8943
753
4902
7778
7
2759
3686
8328
2009
2014
720
3022
9724
4697
5300
1491
408
9186
7061
1818
7914
499
8745
3963
9551
874
4417
2423
1102
9865
6516
44
617
1418
7821
6976
528
7858
5303
2536
6223
2374
5557
5946
3422
7209
7437
3829
6394
849
5647
4307
7699
4391
4622
7249
1616
9038
6024
9069
8902
2539
5464
5871
3956
3285
9198
835
7494
4500
3371
3717
3225
5279
9662
2998
2487
3450
6826
8880
650
8824
9539
8349
9567
4160
5597
7534
3197
1620
6603
8450
511
2066
672
818
1702
9869
1653
9196
720
5023
2912
3944
301
8925
6941
2788
8727
119
8019
9376
8942
7557
4076
4860
8068
6025
2394
1264
3996
5348
6066
4506
3765
6737
5324
1819
6606
6976
1014
7325
8350
277
7621
8650
5553
913
7789
4279
1031
5808
7
6325
9716
434
7536
7784
6458
9929
5399
454
1628
1464
1311
1745
4553
6634
3563
1158
3609
928
4834
1958
1204
8806
6960
6756
9719
1100
7387
7101
3259
3745
3425
2975
4178
961
7110
6988
7241
2508
7441
5221
324
8751
6965
1228
1737
527
8737
5345
1454
3570
3655
9009
2376
6966
2116
8446
8065
9502
5546
1324
3246
5323
650
3776
6283
7759
763
9875
6618
8203
5095
3293
3305
8411
4520
5041
8937
3256
6738
6742
3178
6744
5750
5553
61
7866
350
8125
7367
2247
5800
6965
7569
2801
740
203
559
1502
78
3529
6056
1524
6821
5712
9935
1341
7105
5223
948
194
1965
4125
6937
4066
6029
3349
1931
6378
7825
5650
8625
3625
8966
6193
2777
9705
2748
9688
7558
2825
3216
9965
700
6388
5676
6986
7728
2780
2209
8676
9325
525
9152
2613
4590
5181
5961
2873
1558
3786
4874
6534
3762
3839
9079
6538
9895
1826
6225
3804
1002
9440
3768
8053
5828
5795
5039
9907
8575
3599
4934
4251
4123
4086
6864
5064
5618
2824
4288
3527
6609
9161
61
6722
2999
9139
3260
9245
7316
5836
3048
8317
1628
6815
6369
7455
2610
7759
3713
7536
1357
4999
1786
1831
5436
5001
6895
1053
7825
1182
4579
785
6695
4639
7507
6045
129
7118
5290
3796
2953
8337
8464
4580
1504
1185
8386
465
8943
8451
4352
6652
9801
2489
8482
5236
7490
1728
6288
1666
9262
7218
8802
5956
8209
2660
2000
4689
9777
3641
8485
9082
8330
6948
13
9833
8132
4751
6649
3427
9553
1000
78
9353
3488
4911
4588
7329
6639
7227
8994
5900
796
4148
8207
9004
6807
6558
3693
6584
199
8529
2017
8528
5476
8381
4712
9960
3131
1360
9738
9035
2359
6167
8387
2198
1077
9326
5879
7715
6552
1224
9966
7348
5371
8172
2703
2178
1082
6395
5113
1280
1275
7129
6159
6751
1861
870
3062
4992
2229
9151
4026
939
5317
8765
9488
6393
8090
5366
4108
994
2942
425
4693
8312
4949
7395
6841
6030
142
1953
3661
1416
5433
9819
4518
7294
688
3931
8637
2916
3081
9014
206
4749
7778
9693
1142
2220
1411
1601
9565
4352
2025
4257
9015
6973
8003
5856
9354
4496
4160
3014
2264
9593
2832
3133
3238
3519
7064
1874
2786
6496
887
9343
1245
5017
9036
2386
7236
6798
338
6800
7501
2362
7408
6515
5687
1762
8722
1392
6258
9234
4406
8521
8826
7237
1653
2063
7108
5068
288
6245
1564
7526
5588
9160
2542
975
7897
6129
4124
8234
9280
1624
6947
6687
4490
8985
4801
9564
377
1058
8797
4782
5930
3974
8370
3934
2388
1829
9002
2675
4426
6917
200
13
6076
9094
7339
324
5222
7814
8557
4502
9437
1855
7540
278
840
2340
9841
1216
9749
4989
5997
5678
8962
718
5964
1349
2547
4965
4023
6972
