7
7
13
13
18
44
61
61
73
78
78
81
82
119
129
136
139
142
150
155
167
183
194
199
199
200
203
206
212
224
277
278
288
301
324
324
338
342
350
377
385
408
420
425
434
449
454
465
489
499
511
517
525
527
528
541
559
576
591
598
610
617
641
650
650
672
688
699
700
718
720
720
740
753
759
761
763
779
782
785
796
803
818
835
840
849
870
871
872
874
887
910
913
928
939
948
961
969
975
988
994
1000
1002
1004
1013
1014
1025
1031
1047
1053
1058
1077
1082
1100
1102
1113
1123
1129
1142
1142
1158
1162
1182
1185
1197
1204
1216
1224
1228
1245
1264
1275
1280
1311
1324
1341
1349
1357
1359
1360
1386
1392
1411
1411
1416
1418
1422
1438
1454
1454
1464
1491
1502
1504
1505
1524
1524
1530
1532
1542
1554
1558
1564
1572
1601
1608
1614
1616
1620
1624
1628
1628
1653
1653
1666
1672
1702
1709
1728
1735
1737
1745
1752
1754
1762
1763
1786
1803
1818
1819
1826
1829
1831
1855
1861
1874
1906
1919
1931
1941
1953
1958
1965
1977
2000
2009
2014
2017
2025
2034
2063
2066
2067
2075
2085
2116
2129
2138
2178
2198
2209
2220
2229
2244
2244
2247
2256
2264
2286
2293
2324
2340
2359
2362
2374
2376
2376
2386
2388
2393
2394
2423
2446
2453
2454
2459
2463
2463
2479
2484
2487
2489
2508
2536
2539
2542
2547
2553
2563
2571
2589
2605
2610
2613
2618
2660
2675
2700
2703
2719
2720
2720
2722
2743
2748
2759
2777
2780
2786
2788
2788
2801
2824
2825
2832
2851
2870
2873
2873
2899
2903
2912
2916
2930
2940
2942
2952
2953
2969
2975
2998
2999
3003
3014
3022
3031
3048
3052
3062
3068
3081
3098
3131
3133
3138
3151
3178
3185
3197
3216
3225
3237
3238
3239
3246
3256
3259
3260
3285
3292
3293
3299
3303
3305
3312
3319
3324
3324
3330
3347
3349
3367
3371
3422
3425
3427
3437
3446
3450
3467
3486
3488
3493
3519
3527
3529
3535
3539
3542
3563
3570
3599
3609
3625
3641
3643
3643
3649
3655
3655
3661
3686
3693
3701
3713
3717
3745
3762
3765
3768
3776
3786
3787
3787
3796
3804
3813
3814
3822
3829
3832
3839
3843
3861
3863
3877
3925
3929
3931
3931
3933
3933
3934
3944
3949
3956
3957
3963
3965
3967
3974
3996
4023
4026
4027
4040
4052
4059
4066
4067
4072
4076
4086
4100
4102
4108
4123
4124
4125
4128
4130
4148
4160
4160
4178
4200
4206
4251
4257
4279
4288
4307
4342
4345
4352
4352
4391
4405
4406
4417
4422
4426
4478
4490
4496
4500
4502
4506
4518
4520
4527
4542
4553
4579
4580
4588
4590
4622
4623
4626
4630
4639
4661
4676
4689
4693
4697
4712
4748
4749
4751
4758
4782
4798
4801
4834
4844
4860
4874
4888
4902
4911
4915
4934
4949
4965
4989
4992
4994
4994
4996
4999
5001
5012
5017
5023
5039
5041
5043
5064
5068
5095
5113
5114
5116
5121
5159
5166
5174
5181
5221
5222
5223
5234
5236
5276
5278
5279
5280
5290
5300
5303
5317
5323
5324
5337
5345
5348
5349
5366
5371
5380
5388
5393
5396
5399
5416
5429
5433
5433
5436
5449
5464
5476
5533
5546
5553
5553
5557
5558
5570
5588
5597
5614
5618
5643
5647
5650
5676
5678
5687
5689
5695
5699
5701
5709
5712
5750
5766
5781
5795
5800
5801
5808
5828
5836
5856
5871
5879
5900
5908
5920
5927
5930
5946
5956
5961
5964
5997
6005
6024
6025
6027
6029
6030
6037
6045
6056
6066
6069
6076
6097
6104
6129
6141
6157
6159
6167
6193
6203
6212
6223
6225
6245
6258
6283
6288
6320
6325
6329
6338
6369
6378
6388
6393
6394
6395
6406
6411
6413
6458
6474
6481
6491
6496
6502
6515
6516
6523
6534
6535
6538
6538
6544
6552
6558
6584
6603
6606
6609
6618
6634
6639
6649
6652
6683
6687
6695
6721
6722
6737
6738
6742
6744
6751
6756
6798
6800
6801
6807
6815
6821
6826
6841
6864
6895
6895
6906
6917
6934
6937
6941
6947
6948
6960
6965
6965
6966
6972
6973
6976
6976
6986
6988
7028
7061
7064
7073
7087
7101
7105
7108
7110
7110
7118
7129
7132
7142
7145
7156
7161
7209
7213
7214
7218
7227
7236
7237
7241
7249
7294
7301
7311
7316
7316
7325
7329
7339
7348
7367
7380
7380
7382
7387
7388
7395
7408
7418
7437
7441
7455
7463
7481
7490
7494
7501
7507
7526
7534
7534
7536
7536
7540
7557
7558
7569
7600
7621
7626
7627
7633
7699
7706
7707
7714
7715
7715
7728
7742
7759
7759
7761
7778
7778
7784
7789
7814
7821
7825
7825
7827
7838
7858
7863
7866
7897
7901
7914
7939
8003
8019
8050
8053
8065
8068
8077
8077
8090
8125
8132
8172
8203
8207
8209
8209
8230
8234
8243
8257
8312
8317
8321
8328
8329
8330
8337
8344
8349
8350
8358
8369
8370
8381
8386
8387
8411
8446
8450
8451
8464
8475
8482
8485
8517
8521
8528
8529
8551
8557
8575
8585
8615
8625
8637
8647
8650
8654
8655
8676
8708
8715
8722
8727
8729
8737
8745
8751
8765
8765
8774
8797
8802
8806
8824
8826
8880
8882
8884
8885
8891
8893
8898
8902
8925
8925
8927
8937
8942
8943
8943
8952
8962
8966
8985
8989
8994
8997
9002
9004
9009
9009
9014
9015
9024
9030
9035
9036
9038
9039
9067
9069
9079
9082
9086
9094
9095
9139
9151
9152
9160
9161
9166
9186
9196
9198
9204
9234
9245
9250
9262
9275
9280
9280
9320
9325
9326
9343
9343
9353
9354
9360
9376
9432
9433
9437
9440
9465
9477
9482
9488
9502
9539
9542
9551
9553
9564
9565
9567
9591
9593
9600
9646
9662
9671
9672
9688
9692
9693
9698
9705
9712
9716
9719
9720
9724
9738
9749
9774
9777
9792
9793
9801
9819
9833
9841
9865
9869
9875
9895
9906
9907
9929
9930
9932
9935
9944
9960
9965
9966
9982
